3c43
01 29 59.808 +23 38 19.85
01 27 15.09 +23 22 51.7

3с48
01 37 41.299 +33 09 35.13
01 34 49.83 +32 54 20.1

3c84
03 19 48.160 +41 30 42.10
03 16 29.57 +41 19 51.8

3с123
04 37 04.375 +29 40 13.82
04 33 55.20 +29 34 12.7

3C144, TauA
05 34 31.95 +22 00 52.1
05 31 31.41 +21 58 54.4

3c145, OriA
05 35 17.3 -05 23 28
05 32 49.8 -05 25 21

3с147 
05 42 36.138 +49 51 07.23
05 38 43.51 +49 49 42.8

3c161
06 27 10.096 -05 53 04.77
06 24 43.18 -05 51 11.6

3c218,HydA
09 18 05.651 -12 05 43.99
09 15 41.18 -11 53 05.0

3c234
10 01 49.501 +28 47 08.98
09 58 57.36 +29 01 37.7

3c273
12 29 06.700 +02 03 08.60
12 26 33.29 +02 19 43.2

3C274, VirA
12 30 49.423 +12 23 28.04
12 28 17.57 +12 40 01.9

3c279
12 56 11.167 -05 47 21.52
12 53 35.84 -05 31 07.9

3c286
13 31 08.288 +30 30 32.96
13 28 49.66 +30 45 58.8

3с295
14 11 20.648 +52 12 09.14
14 09 33.50 +52 26 13.1

3с380
18 29 31.781 +48 44 46.16
18 28 13.52 +48 42 40.2

3c405, CygA
19 59 28.357 +40 44 02.10
19 57 44.45 +40 35 46.3

3c454.3
22 53 57.745 +16 08 53.59
22 51 29.52 +15 52 54.3

CasA, 3c461
23 23 24 +58 48.9
23 21 08 +58 32.4

W3(OH)
02 27 4.62 +61 52 25.6
02 23 17.3 +61 38 58

W75N(OH)
20 38 36.74 +42 37 59.4
20 36 50.4 +42 27 23

DR-21
20 39 01.6 +42 19 38
20 37 14.29 +42 08 56.2

NGC 7027
21 07 01.8 +42 14 10
21 05 09.4  +42 02 03
